radar_station:
  ros__parameters:
    camera:
      image_width: 1280
      image_height: 1024
      camera_name: narrow_stereo
      camera_matrix:
        rows: 3
        cols: 3
        data: [1635.80929422889 ,0.000000, 709.797419508020,0.000000, 1636.89792281429, 533.441903861457 ,0.000000 ,0.000000 ,1.000000]
      distortion_model: plumb_bob
      distortion_coefficients:
        rows: 1
        cols: 5
        data: [-0.105728588814658 ,0.642952312620478, 0.000000, 0.000000, 0.000000]
      rectification_matrix:
        rows: 3
        cols: 3
        data: [1., 0., 0.,
               0., 1., 0.,
               0., 0., 1.] 
      projection_matrix:
        rows: 3
        cols: 4
        data: [ 1823.919189, 0.000000, 579.768687 ,0.000000,0.000000 ,1815.233276 ,457.646476 ,0.000000,0.000000 ,0.000000 ,1.000000 ,0.000000]
    T_radar2camera:
      T_add_x: -0.02
      T_add_y: 0.02
      T_add_z: 0.3
      Rotation:
        rows: 3
        cols: 3
        data: [-0.0318712393232544, -0.999474459707108, 0.00591848774478551,
               0.0111232139656527, -0.00627581384510766, -0.999918440809877,
               0.999430086706956, -0.0318028073252486, 0.0113173862335329]
      Translation:
        rows: 3 
        cols: 1
        data: [0.0428245893583569, 0.0104154355328730, -0.638969767020652]
    T_world2camera:
      Rotation:
        rows: 3
        cols: 3
        data: [0.9748246105809402, -0.2220891649831865, 0.01983384488164702,
               -0.03032783116029057, -0.2201909388841423, -0.9749852168573802,
               0.2209008856089789, 0.9498380668463392, -0.2213830289493256]
      Translation:
        rows: 3
        cols: 1
        data: [-0.06999367636455961, 0.7562252154977777, 3.272237885261823]
